5
180
27
1 1 160 140 1
1 1 220 140 1
1 1 280 140 1
1 1 340 140 1
1 1 400 140 1
1 1 460 140 1
1 1 520 140 1
1 1 560 140 1
1 1 100 280 2
1 1 200 260 1
1 1 300 260 1
1 1 220 260 1
1 1 240 260 1
1 1 320 260 1
1 1 300 360 1
1 1 360 360 1
1 1 420 360 1
1 1 480 360 1
1 1 100 340 2
1 1 100 380 2
1 1 100 400 2
1 1 100 420 2
1 1 100 440 2
1 1 100 460 2
1 1 100 480 3
1 1 100 360 2
1 1 100 300 2
1 1 100 320 2
1 1 260 260 1
1 1 280 260 1
1 1 240 360 1
1 1 160 480 1
1 1 180 480 1
1 1 200 480 1
1 1 240 480 1
1 1 260 480 1
1 1 280 480 1
1 1 300 20 1
1 1 320 20 1
1 1 280 20 1
1 1 260 20 1
1 1 240 20 1
1 1 340 20 1
1 1 360 20 1
1 1 220 340 1
1 1 140 360 1
1 1 140 400 1
1 1 140 300 1
1 1 140 320 1
1 1 140 340 1
1 1 140 380 1
1 1 380 260 1
1 1 360 480 1
1 1 340 480 1
1 1 320 480 1
1 1 260 680 1
1 1 280 680 1
1 1 300 680 1
1 1 320 680 1
1 1 340 680 1
1 1 240 680 1
1 1 220 680 1
1 1 200 680 1
1 1 180 680 2
1 1 160 680 2
1 1 140 680 2
1 1 120 680 2
1 1 100 680 2
1 1 420 680 1
1 1 440 680 1
1 1 460 680 1
1 1 480 680 1
1 1 500 680 1
1 1 520 680 1
1 1 540 680 1
